1
1 
725 
2
0 2 
770 516 
4
1 3 46 183 
674 744 590 592 
7
2 4 46 167 184 422 409 
721 643 533 788 599 757 684 
6
3 5 183 44 411 415 
605 517 691 685 753 580 
9
4 6 44 45 61 62 182 7 465 
591 683 765 758 599 525 541 745 621 
9
5 7 45 61 351 6 397 429 465 
573 757 724 724 670 774 560 587 782 
8
6 8 61 9 240 5 10 397 
697 609 739 703 549 607 729 741 
2
7 9 
612 506 
6
8 10 7 209 279 398 
708 631 501 598 717 550 
3
9 11 7 
625 534 624 
2
10 12 
608 623 
2
11 13 
784 682 
2
12 14 
658 563 
2
13 15 
787 780 
2
14 16 
517 672 
9
15 17 32 33 64 360 361 179 129 
688 565 578 717 735 767 538 739 552 
9
16 18 41 42 155 237 36 31 128 
749 753 522 796 653 760 551 714 704 
4
17 19 20 38 
771 687 625 567 
5
18 20 271 305 426 
576 799 599 731 761 
4
19 21 38 18 
663 791 618 578 
10
20 22 39 156 192 159 302 23 191 224 
578 760 555 724 587 765 731 525 698 602 
2
21 23 
798 534 
12
22 24 39 82 83 163 277 293 21 364 689 690 
627 583 673 503 763 655 774 548 609 584 513 775 
6
23 25 291 364 385 674 
645 782 680 707 755 723 
11
24 26 248 27 201 497 536 28 382 697 195 
531 761 675 643 751 772 518 535 525 767 685 
4
25 27 273 597 
583 686 668 527 
9
26 28 25 554 382 581 582 666 667 
556 797 724 652 623 748 554 594 720 
3
27 273 25 
588 556 518 
1
30 
776 
6
29 31 44 245 312 390 
566 532 742 682 630 738 
13
30 32 43 33 179 308 359 360 129 17 65 44 66 
738 795 783 568 740 607 651 558 723 765 554 585 740 
5
31 16 65 66 128 
596 736 734 754 776 
6
16 34 155 31 128 178 
505 596 707 593 674 569 
4
33 35 142 361 
553 776 666 640 
6
34 36 143 399 37 280 
554 635 556 784 666 609 
7
35 37 17 238 280 148 364 
799 515 570 783 675 525 729 
3
36 38 35 
780 641 600 
5
37 20 318 319 18 
614 578 618 661 523 
4
21 23 163 224 
578 604 758 758 
1
41 
722 
23
40 17 48 49 98 134 137 197 225 231 232 271 276 79 132 320 328 338 378 47 224 663 694 
545 767 623 625 720 520 706 656 765 798 730 727 797 534 747 562 610 540 543 708 777 679 716 
2
17 43 
677 546 
2
42 31 
685 762 
5
30 5 31 4 245 
752 772 546 701 615 
4
5 6 62 182 
718 583 752 524 
3
3 2 650 
689 515 687 
2
48 41 
544 747 
18
47 41 75 76 99 109 198 380 389 425 526 79 607 645 646 100 338 694 
615 758 700 769 727 647 514 599 564 686 565 768 769 588 543 626 648 721 
7
41 50 133 132 231 224 413 
537 772 594 535 799 755 609 
11
49 51 247 245 131 72 405 69 435 439 414 
641 672 723 516 580 710 590 541 628 740 736 
6
50 52 245 391 414 713 
603 529 638 559 611 646 
3
51 53 414 
680 578 644 
2
52 54 
607 562 
3
53 55 521 
605 789 667 
3
54 56 392 
797 639 522 
2
55 57 
576 640 
2
56 58 
656 663 
2
57 59 
535 751 
2
58 60 
583 673 
3
59 521 522 
637 623 683 
3
6 5 7 
768 736 557 
3
5 63 45 
558 500 655 
3
62 64 179 
546 748 613 
4
63 16 128 180 
753 745 549 583 
4
32 66 67 31 
673 763 764 698 
5
65 67 32 241 31 
761 515 797 535 503 
3
66 68 65 
542 604 754 
5
67 69 241 242 346 
600 760 714 660 788 
4
68 70 244 50 
559 768 644 505 
4
69 71 321 400 
776 709 796 682 
2
70 72 
519 772 
5
71 73 50 644 645 
615 502 504 776 800 
2
72 74 
512 730 
2
73 75 
626 778 
2
74 48 
687 615 
2
48 275 
592 731 
1
78 
554 
4
77 79 377 379 
758 752 582 611 
9
78 80 41 292 379 48 572 693 377 
701 650 509 681 504 524 702 597 712 
4
79 81 292 293 
557 591 761 582 
6
80 82 292 380 703 704 
676 743 791 733 527 528 
2
81 23 
745 661 
3
23 84 347 
735 601 539 
3
83 85 347 
667 640 784 
6
84 86 339 340 348 575 
656 608 699 532 781 652 
2
85 87 
567 610 
6
86 88 437 340 566 575 
770 507 797 733 511 756 
3
87 89 164 
786 701 609 
4
88 90 164 165 
776 599 578 572 
4
89 91 322 165 
747 779 619 646 
2
90 92 
617 758 
3
91 93 427 
525 748 585 
9
92 94 123 223 322 165 341 363 438 
525 516 600 695 733 648 642 591 563 
5
93 95 203 254 261 
555 549 717 744 641 
3
94 96 97 
763 693 630 
2
95 97 
618 641 
2
96 95 
769 618 
3
41 338 400 
746 641 531 
2
48 100 
773 631 
4
99 101 48 109 
591 747 651 791 
4
100 102 538 109 
696 739 716 696 
4
101 103 607 608 
764 564 655 698 
5
102 104 109 112 115 
518 665 622 506 798 
3
103 105 658 
765 608 521 
3
104 106 658 
693 578 618 
2
105 107 
596 624 
5
106 108 658 115 664 
584 526 644 557 778 
1
107 
589 
6
48 110 103 113 101 100 
762 556 640 647 609 535 
2
109 111 
577 696 
1
110 
506 
2
103 113 
701 721 
4
112 114 109 117 
501 640 792 702 
1
113 
681 
4
103 116 107 122 
686 600 659 548 
1
115 
664 
1
113 
545 
1
119 
636 
15
118 120 121 163 164 223 147 148 324 362 149 426 467 573 687 
629 652 661 728 633 614 653 764 635 544 728 765 515 719 769 
4
119 148 149 163 
581 657 653 742 
6
119 122 188 189 201 638 
682 619 689 720 639 672 
11
121 123 200 210 149 209 450 615 115 659 664 
625 693 610 697 572 539 600 691 694 669 629 
15
122 124 202 93 211 326 333 334 165 454 327 212 151 278 529 
644 628 774 786 583 617 721 675 520 504 780 780 602 646 708 
4
123 125 407 212 
525 698 633 791 
13
124 126 127 229 373 451 454 455 227 501 529 533 610 
641 652 694 501 718 697 720 602 535 698 622 537 699 
1
125 
630 
1
125 
734 
10
64 129 350 179 371 33 32 17 506 507 
746 790 664 774 541 716 749 716 508 629 
9
128 130 142 153 298 31 300 16 155 
688 596 679 657 641 598 694 783 517 
4
129 131 299 300 
530 714 741 510 
5
130 132 300 338 50 
682 755 708 635 757 
6
131 133 49 244 301 41 
785 717 614 558 646 752 
4
132 49 230 349 
513 636 530 517 
2
41 135 
800 595 
2
134 136 
596 703 
1
135 
567 
2
41 138 
510 504 
3
137 139 389 
589 588 671 
4
138 140 263 264 
520 584 554 508 
5
139 248 250 496 497 
509 553 665 533 631 
2
142 207 
554 628 
3
141 34 129 
636 775 777 
2
35 144 
548 632 
2
143 145 
696 572 
5
144 146 190 148 593 
789 556 669 774 761 
8
145 147 161 162 148 281 163 330 
598 742 675 552 526 634 649 523 
5
146 148 305 235 119 
740 656 743 634 688 
12
147 120 236 237 36 146 145 119 329 190 235 592 
518 677 623 641 638 756 548 621 719 596 615 682 
9
120 150 122 190 200 189 119 466 615 
703 625 586 675 634 751 515 589 796 
4
149 151 316 594 
650 683 744 668 
4
150 152 200 123 
538 753 736 765 
1
151 
714 
2
129 154 
625 747 
2
153 155 
575 531 
7
154 17 178 33 346 359 129 
538 793 795 614 516 550 664 
2
21 157 
598 766 
5
156 158 160 281 347 
668 682 578 581 703 
4
157 159 163 191 
573 594 741 532 
3
158 160 21 
612 587 789 
6
159 161 235 191 347 157 
756 677 757 639 707 512 
3
160 146 191 
729 583 666 
2
146 163 
724 785 
10
162 119 39 224 23 146 330 120 158 281 
560 649 638 750 752 800 526 551 620 702 
6
119 89 325 88 223 534 
706 796 645 668 750 690 
16
89 166 223 277 278 281 282 340 93 123 432 557 90 558 635 686 
517 613 736 607 794 533 536 676 614 721 730 658 645 534 680 759 
1
165 
535 
6
3 168 401 516 517 520 
636 732 583 798 725 712 
5
167 169 213 226 402 
668 509 625 719 660 
2
168 170 
578 659 
4
169 171 174 458 
571 796 564 515 
2
170 172 
678 661 
2
171 173 
644 523 
1
172 
742 
2
170 175 
506 725 
2
174 176 
667 727 
2
175 177 
747 796 
1
176 
508 
2
155 33 
726 709 
5
31 63 128 16 390 
581 561 707 656 582 
2
64 181 
692 626 
3
180 182 208 
615 687 722 
3
181 45 5 
746 624 616 
2
4 2 
666 663 
3
3 185 392 
684 639 728 
7
184 186 393 440 392 421 654 
687 674 659 600 668 629 521 
4
185 187 523 524 
669 776 608 647 
1
186 
778 
1
121 
744 
5
121 190 324 331 149 
583 659 789 781 692 
5
189 145 149 148 362 
714 774 663 701 554 
6
161 192 305 160 158 21 
501 709 717 613 635 710 
5
191 193 234 21 272 
591 729 794 750 508 
2
192 194 
635 684 
2
193 195 
579 525 
8
194 196 250 251 252 570 571 25 
662 630 655 585 657 677 511 587 
2
195 197 
667 699 
2
196 41 
535 543 
1
48 
542 
1
200 
784 
8
199 122 209 151 149 369 352 528 
733 507 648 618 676 567 528 585 
6
121 202 332 325 250 25 
730 760 566 579 724 554 
3
201 123 325 
531 638 747 
2
94 204 
769 659 
2
203 205 
674 516 
2
204 206 
629 547 
2
205 212 
564 675 
2
141 208 
708 716 
2
207 181 
522 546 
4
9 200 122 593 
772 645 601 750 
1
122 
541 
2
123 212 
749 789 
8
211 206 334 335 123 487 354 124 
785 555 542 778 522 643 613 685 
4
168 214 402 216 
527 711 733 534 
4
213 215 226 217 
674 641 546 696 
2
214 216 
589 604 
3
215 217 213 
745 617 747 
15
216 218 214 219 403 407 410 547 222 551 552 227 604 622 623 
540 744 532 528 726 651 694 648 580 620 670 535 561 561 763 
3
217 219 625 
599 559 576 
5
218 220 217 618 619 
798 585 737 649 637 
3
219 221 227 
614 795 739 
2
220 222 
742 667 
2
221 217 
534 798 
4
165 119 93 164 
698 651 537 591 
10
39 225 49 163 21 569 612 613 41 231 
637 713 782 623 725 585 511 628 669 630 
2
224 41 
678 696 
2
168 214 
590 650 
5
220 228 125 470 217 
708 793 520 561 721 
2
227 229 
589 695 
7
228 125 315 316 594 595 596 
779 588 716 512 602 511 772 
1
133 
704 
4
49 41 224 643 
640 716 632 740 
2
41 233 
662 553 
2
232 234 
661 533 
3
233 192 272 
629 651 758 
8
160 236 147 237 329 148 431 592 
563 756 608 719 681 565 684 676 
2
235 148 
782 552 
6
148 17 235 306 317 371 
634 501 565 536 628 711 
5
36 239 240 307 680 
585 742 735 590 508 
1
238 
645 
4
238 7 430 280 
597 563 524 723 
4
66 68 296 297 
746 748 660 703 
3
68 243 300 
579 790 574 
2
242 244 
549 581 
4
243 132 69 435 
686 624 747 628 
7
30 246 312 50 51 44 423 
520 616 557 794 525 656 543 
2
245 247 
500 571 
2
246 50 
656 620 
3
25 249 140 
559 576 737 
2
248 250 
717 712 
11
249 195 140 294 365 366 291 201 347 277 674 
776 777 732 672 612 709 697 646 585 756 578 
1
195 
628 
2
195 253 
769 591 
1
252 
562 
5
94 255 363 428 343 
627 522 528 673 731 
2
254 256 
661 742 
2
255 257 
733 658 
2
256 258 
735 556 
2
257 259 
789 519 
2
258 260 
631 673 
3
259 343 722 
717 741 717 
2
94 262 
557 508 
2
261 263 
721 642 
2
262 139 
594 597 
2
139 265 
615 613 
2
264 266 
792 532 
2
265 267 
682 542 
2
266 268 
587 727 
2
267 269 
511 557 
2
268 270 
562 739 
1
269 
750 
7
41 272 319 19 372 300 641 
520 716 672 631 737 570 796 
5
271 192 320 642 234 
714 708 695 605 793 
3
26 28 381 
550 775 678 
1
275 
510 
2
274 76 
527 524 
1
41 
664 
3
23 165 250 
611 649 697 
2
165 123 
698 740 
2
9 280 
645 615 
4
279 36 35 240 
729 627 799 771 
8
146 165 157 163 436 527 568 558 
561 715 538 549 664 728 696 754 
3
165 283 368 
787 797 780 
2
282 284 
594 591 
2
283 285 
651 596 
4
284 286 366 367 
530 508 587 513 
1
285 
533 
1
288 
576 
2
287 289 
649 668 
2
288 290 
646 702 
2
289 291 
591 681 
10
290 24 380 250 386 387 537 675 680 703 
506 665 630 564 549 691 515 708 648 590 
3
79 80 81 
616 560 776 
2
80 23 
737 515 
2
250 295 
522 636 
1
294 
626 
2
241 311 
625 685 
4
241 298 300 350 
570 666 698 753 
2
297 129 
501 758 
2
130 300 
710 628 
10
299 301 297 129 372 130 131 242 320 271 
775 533 670 793 723 556 783 796 595 555 
2
300 132 
685 587 
2
21 303 
745 591 
2
302 304 
660 501 
2
303 305 
518 648 
5
304 147 19 191 431 
666 561 615 629 520 
2
237 307 
532 722 
2
306 238 
609 719 
2
31 309 
617 753 
2
308 310 
500 523 
2
309 311 
533 628 
2
310 296 
766 574 
2
30 245 
614 679 
1
314 
699 
2
313 315 
702 704 
3
314 229 408 
612 508 787 
2
229 150 
522 694 
2
237 318 
786 628 
2
317 38 
504 633 
2
38 271 
638 665 
3
272 41 300 
535 752 717 
1
70 
737 
8
93 323 433 434 427 90 684 685 
574 512 568 599 710 773 641 739 
1
322 
686 
4
119 325 189 637 
605 576 758 587 
5
324 202 201 333 164 
630 676 580 632 539 
3
123 327 406 
587 798 708 
2
326 123 
509 730 
1
41 
555 
2
235 148 
643 505 
2
146 163 
791 699 
2
189 332 
547 753 
2
331 201 
800 503 
2
325 123 
608 766 
2
123 212 
631 655 
4
212 336 487 488 
565 713 639 607 
2
335 337 
694 530 
1
336 
611 
6
98 41 131 643 400 48 
793 650 771 789 728 559 
1
85 
782 
4
85 165 87 574 
794 529 584 702 
2
93 342 
675 763 
3
341 343 363 
622 596 665 
8
342 344 491 254 492 591 260 601 
779 511 666 517 577 729 589 694 
2
343 345 
654 573 
2
344 345 
695 799 
2
68 155 
551 686 
7
160 84 83 527 568 157 250 
689 555 717 692 689 688 760 
1
85 
559 
1
133 
736 
2
297 128 
623 668 
3
6 352 396 
690 743 669 
4
351 353 200 354 
733 738 634 608 
2
352 354 
785 580 
4
353 355 352 212 
532 709 567 519 
2
354 356 
747 567 
2
355 357 
585 793 
2
356 358 
519 701 
1
357 
717 
2
155 31 
548 766 
2
31 16 
665 515 
2
16 34 
555 616 
2
190 119 
748 670 
4
93 254 363 342 
675 532 584 780 
5
24 365 674 23 36 
686 771 592 739 563 
2
364 250 
800 674 
2
250 285 
575 769 
2
285 368 
577 532 
2
367 282 
685 511 
2
200 370 
730 755 
1
369 
589 
2
237 128 
755 556 
2
300 271 
728 674 
2
125 374 
727 749 
2
373 375 
616 676 
2
374 376 
774 762 
1
375 
747 
3
78 79 694 
626 706 516 
2
41 379 
551 663 
3
378 79 78 
683 682 628 
4
81 291 388 48 
527 666 736 587 
3
273 382 498 
742 632 693 
6
381 383 498 27 25 666 
533 770 522 507 767 791 
3
382 384 499 
668 721 536 
1
383 
559 
3
24 386 576 
702 685 736 
2
385 291 
718 502 
2
291 388 
529 676 
2
387 380 
753 566 
2
48 138 
679 774 
2
179 30 
588 755 
2
51 392 
749 554 
6
391 184 414 415 185 55 
767 590 739 527 707 750 
2
185 394 
538 717 
2
393 395 
796 698 
1
394 
618 
1
351 
577 
2
6 7 
694 528 
2
9 399 
617 543 
2
398 35 
511 550 
7
98 70 338 644 707 709 710 
702 693 572 552 589 718 639 
2
167 639 
738 533 
2
168 213 
679 689 
7
217 404 512 478 518 533 548 
641 550 694 766 732 649 655 
3
403 410 453 
708 742 655 
1
50 
583 
1
326 
762 
4
124 408 409 217 
612 709 798 726 
4
407 409 315 451 
753 668 780 614 
5
408 407 552 553 3 
615 785 553 794 618 
2
217 404 
564 594 
2
4 412 
593 527 
1
411 
613 
1
49 
508 
9
51 392 52 50 469 640 652 653 714 
728 500 587 633 508 737 728 751 689 
4
392 416 4 639 
518 628 730 522 
2
415 417 
636 747 
2
416 418 
618 513 
2
417 419 
788 700 
2
418 420 
564 509 
2
419 421 
783 743 
3
420 185 441 
616 541 799 
1
3 
626 
2
245 424 
543 744 
4
423 425 711 712 
539 576 655 545 
2
424 48 
582 530 
2
19 119 
630 606 
5
92 428 565 322 634 
660 631 793 751 727 
2
427 254 
738 670 
2
6 430 
514 572 
2
429 240 
649 539 
2
235 305 
656 686 
2
165 433 
702 549 
4
432 322 557 558 
722 727 529 568 
1
322 
590 
2
50 244 
687 769 
3
281 437 567 
533 764 588 
3
436 87 687 
532 596 550 
2
93 438 
697 696 
1
50 
585 
2
185 441 
600 625 
4
440 442 421 449 
692 772 557 795 
2
441 443 
586 524 
2
442 444 
727 570 
2
443 445 
609 616 
2
444 446 
572 526 
2
445 447 
608 636 
2
446 448 
661 744 
1
447 
592 
1
441 
722 
1
122 
527 
5
125 452 453 408 616 
699 572 686 692 552 
1
451 
789 
2
451 404 
617 776 
2
123 125 
607 681 
2
125 456 
776 620 
2
455 457 
551 528 
1
456 
747 
2
170 459 
776 579 
2
458 460 
780 682 
2
459 461 
631 703 
2
460 462 
559 564 
2
461 463 
719 779 
2
462 464 
604 625 
1
463 
784 
2
5 6 
754 551 
2
149 467 
680 690 
3
466 468 119 
784 771 746 
1
467 
539 
1
414 
678 
2
227 471 
636 721 
5
470 472 478 479 480 
544 744 600 589 724 
2
471 473 
788 540 
2
472 474 
791 613 
2
473 475 
520 715 
3
474 485 479 
529 698 646 
1
477 
554 
3
476 478 486 
528 599 703 
5
477 471 486 403 513 
785 681 696 571 749 
2
471 475 
771 656 
2
471 481 
648 782 
2
480 482 
639 700 
2
481 483 
612 749 
2
482 484 
688 686 
2
483 485 
640 682 
2
484 475 
520 649 
2
478 477 
669 621 
2
212 335 
768 663 
2
335 489 
528 658 
2
488 490 
620 579 
2
489 491 
632 504 
2
490 343 
563 785 
2
343 493 
642 560 
2
492 494 
783 649 
2
493 495 
570 573 
3
494 496 586 
505 666 686 
2
495 140 
538 578 
2
140 25 
680 756 
2
381 382 
685 508 
3
383 500 555 
789 679 783 
1
499 
660 
4
125 502 546 547 
715 691 525 645 
2
501 503 
781 597 
2
502 504 
552 607 
4
503 505 508 509 
578 585 727 574 
2
504 506 
640 607 
2
505 128 
749 541 
2
128 508 
574 640 
2
507 504 
747 795 
2
504 510 
701 770 
2
509 511 
536 550 
2
510 733 
593 580 
1
403 
717 
2
478 514 
590 567 
2
513 515 
716 647 
2
514 516 
647 561 
2
515 167 
783 661 
2
167 518 
645 794 
5
517 519 532 403 549 
686 719 728 773 501 
2
518 520 
668 679 
3
519 521 167 
527 648 528 
3
520 60 54 
719 785 758 
2
60 523 
552 785 
2
522 186 
685 722 
1
186 
547 
1
526 
667 
2
525 48 
591 686 
2
347 281 
550 750 
1
200 
739 
6
125 530 539 123 546 731 
637 719 576 578 752 602 
2
529 531 
743 520 
1
530 
794 
1
518 
726 
2
403 125 
715 616 
6
164 535 573 574 635 636 
556 568 533 791 552 796 
1
534 
627 
5
25 537 576 577 698 
570 564 539 743 609 
2
536 291 
676 631 
2
101 720 
640 770 
2
529 540 
739 652 
2
539 541 
603 676 
3
540 542 543 
632 539 702 
1
541 
708 
2
541 544 
563 600 
2
543 545 
772 700 
1
544 
669 
2
529 501 
523 532 
2
501 217 
731 739 
1
403 
721 
2
518 550 
588 680 
2
549 551 
762 794 
2
550 217 
510 789 
2
217 409 
764 759 
1
409 
774 
1
27 
792 
2
499 556 
793 757 
2
555 585 
623 583 
2
165 433 
790 581 
7
433 559 165 578 583 281 715 
558 655 779 570 726 624 523 
2
558 560 
667 797 
4
559 561 716 717 
671 596 616 507 
2
560 562 
750 580 
2
561 563 
684 763 
2
562 564 
632 710 
1
563 
676 
1
427 
702 
2
87 567 
646 756 
2
566 436 
649 675 
2
281 347 
738 764 
2
224 570 
658 629 
2
569 195 
691 652 
2
195 572 
609 659 
2
571 79 
508 761 
2
119 534 
598 537 
2
534 340 
751 688 
2
87 85 
754 690 
2
385 536 
517 748 
1
536 
703 
2
558 579 
555 766 
2
578 580 
758 668 
2
579 581 
799 665 
2
580 27 
800 599 
1
27 
791 
2
558 584 
721 535 
9
583 585 608 609 661 662 672 673 678 
583 699 529 566 749 749 758 692 566 
2
584 556 
722 721 
2
495 587 
690 787 
2
586 588 
725 738 
2
587 589 
738 573 
2
588 590 
586 580 
2
589 591 
612 715 
2
590 343 
705 625 
2
235 148 
746 791 
2
145 209 
636 744 
2
150 229 
703 640 
1
229 
731 
1
229 
798 
2
26 598 
589 782 
2
597 599 
705 779 
2
598 600 
564 627 
1
599 
777 
2
343 602 
547 524 
2
601 603 
500 538 
1
602 
624 
2
217 605 
555 581 
2
604 606 
647 777 
1
605 
599 
2
48 102 
672 528 
5
102 584 677 680 681 
574 676 674 663 768 
1
584 
615 
2
125 611 
614 531 
2
610 612 
550 708 
2
611 224 
503 552 
2
224 614 
639 672 
1
613 
603 
2
122 149 
729 753 
2
451 617 
713 636 
2
616 618 
586 705 
2
617 219 
584 696 
2
219 620 
599 716 
2
619 621 
744 507 
2
620 622 
505 565 
2
621 217 
633 650 
2
217 624 
598 728 
2
623 625 
531 544 
2
624 218 
542 555 
1
627 
695 
2
626 628 
747 517 
2
627 629 
696 651 
2
628 630 
691 707 
2
629 631 
765 669 
2
630 632 
686 685 
2
631 633 
611 764 
2
632 634 
513 649 
2
633 427 
793 768 
2
165 534 
562 682 
2
534 637 
706 697 
2
636 324 
677 704 
1
121 
680 
2
415 401 
716 575 
1
414 
587 
2
271 642 
690 771 
2
641 272 
796 629 
2
231 338 
548 555 
2
400 72 
511 673 
2
72 48 
746 730 
2
48 647 
600 666 
2
646 648 
631 702 
2
647 649 
668 608 
1
648 
712 
2
46 651 
616 617 
2
650 652 
590 691 
2
651 414 
542 759 
1
414 
665 
2
185 655 
574 515 
2
654 656 
526 641 
2
655 657 
772 574 
1
656 
520 
3
105 107 104 
689 648 755 
5
122 660 665 720 721 
553 644 639 643 609 
2
659 661 
539 663 
2
660 584 
646 621 
2
584 673 
656 550 
1
41 
708 
2
107 122 
575 756 
1
659 
574 
2
382 27 
722 701 
2
27 668 
786 602 
2
667 669 
500 654 
2
668 670 
698 705 
2
669 671 
758 669 
4
670 672 678 679 
563 780 587 701 
2
671 584 
634 628 
2
584 662 
519 579 
4
250 364 702 24 
729 790 651 599 
2
291 676 
601 713 
2
675 677 
507 554 
2
676 608 
723 600 
2
584 671 
766 613 
1
671 
532 
4
238 608 701 291 
626 563 657 686 
2
608 682 
793 512 
2
681 683 
575 680 
1
682 
713 
3
322 685 686 
566 536 633 
2
322 684 
659 636 
2
684 165 
775 653 
3
437 688 119 
785 578 776 
2
687 689 
633 572 
2
688 23 
589 763 
2
23 691 
649 795 
2
690 692 
655 561 
2
691 693 
539 511 
2
692 79 
607 733 
4
377 48 706 41 
784 767 528 799 
1
696 
585 
2
695 697 
728 618 
2
696 25 
667 516 
2
536 699 
500 515 
2
698 700 
609 575 
2
699 701 
537 693 
2
700 680 
601 608 
1
674 
640 
2
291 81 
785 519 
2
81 705 
519 550 
2
704 706 
779 610 
2
705 694 
692 599 
2
400 708 
748 614 
2
707 709 
624 627 
2
708 400 
700 720 
2
400 711 
541 689 
2
710 424 
665 520 
2
424 713 
505 557 
2
712 51 
580 704 
1
414 
540 
2
558 716 
627 792 
2
715 560 
752 677 
2
560 718 
727 604 
2
717 719 
718 569 
1
718 
589 
2
538 659 
782 583 
1
659 
791 
3
260 723 726 
666 685 623 
3
722 724 725 
773 753 610 
1
723 
595 
1
723 
533 
2
722 727 
774 707 
2
726 728 
704 512 
2
727 729 
518 693 
2
728 730 
571 730 
1
729 
607 
2
529 732 
733 633 
2
731 733 
640 667 
2
732 511 
550 655 
1
735 
790 
2
734 736 
600 524 
2
735 737 
789 706 
2
736 738 
510 589 
2
737 739 
727 520 
1
738 
569 
