5
01 03A 15 22A 34 
5
01 03A 15 22A 34 
6
01 03A 11 15 22A 34 
15
01 03A 10A 10B 11 15 17 22A 34 42 43 48 54 65 100 
16
01 03A 10A 10B 11 17 22A 34 42 43 47A 48 54 65 98 100 
24
01 03A 04 08A 10A 10B 11 14 17 18 22A 23 24 31 34 47A 50 54 55A 55B 58 65 98 100 
19
01 04 08A 10A 10B 14 17 22A 31 36 41 47A 50 54 55A 55B 58 98 100 
7
01 14 18 22A 23 36 41 
1
01 
5
01 14 22A 41 45 
2
01 36 
2
01 36 
2
01 36 
2
01 36 
2
01 36 
2
01 36 
9
01 02 04 18 23 32 34 36 40 
9
01 03A 09B 18 30 32 38 41 49 
5
01 09B 30 41 49 
5
01 28 30 49 99 
3
01 02 09B 
10
01 02 09B 18 21A 21B 23 44 51 84 
1
01 
17
01 02 05 19 21A 21B 22B 22C 27 29 39 44 60A 60B 103A 104 105 
13
01 02 19 21A 22B 22C 27 33 39 85 103A 105 106 
14
01 02 19 21A 22C 27 33 37 57 62 89 102 105 BRT01 
9
01 02 21A 27 37 57 62 91 BRT01 
9
01 02 33 62 72 87 91 102 BRT01 
10
01 02 21A 27 33 62 89 91 102 BRT01 
1
02 
12
02 03A 19 24 35A 40 44 45 49 51 55A 55B 
13
02 03A 11 23 32 35A 38 40 42 43 44 45 49 
6
02 04 18 23 45 49 
6
02 11 34 40 43 45 
4
02 09A 32 45 
5
02 09A 32 41 45 
6
02 18 22A 32 50 103B 
2
02 41 
3
02 25 41 
5
02 16 21A 21B 24 
18
03A 03B 06A 06B 06C 06D 06E 21A 22C 25 29 32 37 41 42 94 101A 106 
32
03A 03B 06A 06B 06C 06D 06E 08A 08B 12 16 18 21A 21B 22C 23 25 26 28 29 32 36 37 41 42 47B 60B 94 99 101A 101B 106 
1
03A 
1
03A 
7
03A 24 42 43 48 55A 55B 
13
03A 04 08A 08B 10A 10B 11 17 24 47A 50 54 65 
3
03A 34 100 
6
03B 16 28 48 60B 104 
20
03B 04 06A 06B 06C 06D 06E 12 16 21B 28 39 48 60A 62 94 99 101A 101B 104 
7
03B 08A 08B 18 19 24 47B 
10
03B 19 24 38 45 47B 51 52A 52B 55A 
6
03B 40 47B 52A 55B 106 
2
03B 52A 
1
03B 
2
03B 98 
2
03B 98 
1
03B 
1
03B 
1
03B 
1
03B 
2
03B 59 
14
04 08A 10A 10B 14 17 22A 31 47A 50 54 58 98 100 
5
04 08A 08B 18 23 
8
04 08A 08B 11 18 23 31 34 
8
04 08A 08B 11 18 23 31 34 
2
04 42 
3
04 18 44 
2
04 42 
5
04 18 30 42 44 
5
04 26 30 42 47B 
5
04 26 30 38 42 
3
04 26 38 
3
04 38 99 
1
04 
1
04 
1
04 
2
04 21B 
1
05 
3
05 36 84 
9
05 22C 29 36 37 60A 60B 84 104 
4
05 22C 29 60A 
4
05 37 60B 106 
2
05 60B 
6
05 29 44 60A 60B 105 
5
05 29 30 44 85 
5
05 29 30 44 85 
1
05 
5
05 51 84 85 104 
2
05 51 
5
05 09B 21B 39 61 
3
05 84 97 
1
05 
2
05 49 
9
05 13 20A 20B 26 29 32 49 51 
5
05 13 20A 20B 20C 
1
05 
1
05 
1
05 
13
06A 06B 06C 06D 06E 22C 29 37 42 94 101A 101B 106 
2
06A 62 
4
06A 62 101A 101B 
3
06A 62 101A 
2
06A 94 
5
06A 06C 06D 101A 101B 
3
06A 101A 101B 
2
06A 101A 
1
06A 
3
06A 101A 101B 
1
06A 
6
06B 06C 06D 06E 101A 101B 
1
06B 
1
06B 
1
06C 
2
06C 06E 
1
06C 
2
06D 101A 
1
06D 
1
06E 
3
07 20A 20B 
16
07 09B 16 20A 20B 24 26 27 28 32 34 38 49 55B 85 105 
9
07 09A 20A 20B 26 28 32 34 38 
8
07 12 13 38 39 85 96 97 
11
07 13 14 25 33 38 45 53A 96 101A 101B 
22
07 13 14 27 28 33 35A 35B 38 45 46 53A 53B 56A 57 60A 60B 61 64 93 95 109 
10
07 35B 46 53A 56A 58 60B 61 95 109 
12
07 17 35B 53A 53B 56A 58 60B 61 93 95 109 
1
07 
3
07 17 109 
7
08A 08B 31 34 45 49 58 
9
08A 08B 09B 23 35A 36 38 52A 52B 
7
08A 08B 23 36 38 52A 52B 
6
08A 08B 36 38 52A 52B 
7
08A 08B 18 23 26 31 47B 
3
08A 18 31 
1
08A 
1
08A 
1
08A 
1
08B 
2
08B 39 
2
08B 20C 
4
08B 22C 57 89 
3
09A 09B 14 
2
09A 09B 
1
09A 
1
09A 
5
09A 12 25 28 90 
9
09A 09B 12 22A 26 27 28 35A 107 
4
09A 23 26 28 
14
09A 18 22A 25 27 28 32 34 38 50 90 99 107 BRT01 
7
09A 25 33 38 55A 55B 96 
4
09A 25 90 96 
4
09A 25 60A 90 
1
09A 
1
09B 
1
09B 
7
09B 11 30 32 43 52A 52B 
1
09B 
3
09B 50 84 
3
09B 51 84 
3
09B 18 51 
5
09B 18 30 50 BRT01 
4
09B 12 26 35A 
1
09B 
7
09B 16 19 24 27 28 51 
4
09B 39 51 61 
27
09B 16 21B 22A 22B 29 30 33 34 35A 39 44 46 50 53B 60A 60B 61 74 84 87 88 97 103A 103B 104 109 
12
09B 16 22B 30 34 46 53B 74 84 87 103A 109 
9
10A 10B 15 17 42 43 54 59 98 
6
10A 10B 15 17 43 54 
3
10A 10B 54 
3
10A 10B 54 
1
10A 
1
10A 
1
10A 
1
10B 
1
10B 
1
10B 
1
10B 
5
11 40 43 52A 52B 
4
11 31 34 40 
3
11 31 34 
4
11 14 31 34 
4
11 14 31 34 
1
11 
4
11 40 52A 100 
5
11 40 52A 52B 100 
2
11 59 
1
11 
4
12 39 85 96 
5
12 28 38 39 85 
3
12 25 32 
6
12 26 30 35A 50 84 
9
12 18 21A 21B 23 26 35A 44 51 
1
12 
1
12 
4
12 19 84 BRT01 
1
12 
1
12 
1
12 
1
13 
8
13 14 25 33 55A 55B 60A 90 
4
13 28 37 97 
2
13 27 
1
13 
1
13 
1
13 
2
13 14 
1
14 
1
14 
3
14 45 90 
2
14 53A 
1
14 
4
14 28 57 58 
2
15 43 
2
15 17 
1
15 
2
15 43 
8
15 17 43 46 64 65 93 96 
2
15 96 
3
15 17 96 
2
15 17 
1
15 
2
15 64 
8
16 20A 20B 26 32 34 49 51 
6
16 19 24 84 95 99 
1
16 
1
17 
3
17 56A 93 
1
17 
4
17 25 90 96 
1
18 
4
18 21A 21B 99 
3
18 23 99 
3
18 23 99 
3
18 23 99 
8
18 23 28 50 90 99 107 BRT01 
2
18 BRT01 
5
18 23 25 34 38 
3
18 23 103B 
2
18 23 
3
18 23 50 
3
18 23 44 
3
18 44 51 
2
18 51 
4
18 26 47B 51 
8
19 24 40 45 48 51 55A 55B 
1
19 
1
19 
3
19 22C 89 
1
19 
8
19 22C 33 37 85 103A 103B BRT01 
1
19 
1
19 
1
19 
7
20A 20B 20C 32 49 57 92 
2
20A 20B 
2
20A 20B 
2
20A 20B 
1
20B 
1
20B 
4
20B 89 110 111 
1
20C 
1
20C 
1
20C 
1
20C 
1
20C 
1
20C 
1
20C 
1
20C 
1
20C 
1
20C 
8
21A 21B 25 26 28 35A 51 99 
8
21A 21B 25 26 35A 44 51 99 
4
21A 27 37 57 
1
21B 
1
21B 
1
21B 
5
21B 22B 39 103A 103B 
5
21B 44 64 88 103B 
2
22A 45 
3
22A 45 50 
9
22A 35A 50 51 60A 60B 84 105 107 
2
22A 33 
1
22A 
1
22A 
2
22A 33 
1
22A 
1
22B 
1
22B 
1
22B 
1
22B 
7
22B 37 39 62 103A 105 106 
4
22C 37 60A 60B 
3
22C 29 60A 
1
22C 
1
22C 
1
23 
2
23 31 
1
23 
1
23 
6
23 31 35A 36 44 51 
2
23 31 
1
23 
1
23 
1
23 
5
23 28 30 50 99 
1
23 
1
23 
1
23 
1
23 
1
23 
1
23 
1
24 
1
25 
1
25 
2
25 96 
2
25 96 
1
25 
1
25 
1
25 
2
25 44 
3
26 30 38 
5
26 50 84 97 104 
1
26 
5
27 28 39 85 97 
4
27 28 39 97 
8
27 35A 35B 38 45 56A 93 95 
8
27 35A 35B 38 56A 57 93 95 
1
28 
1
28 
1
28 
1
28 
1
28 
1
28 
1
28 
2
28 57 
1
28 
1
28 
7
29 36 37 94 99 101A 101B 
1
29 
6
29 30 44 84 85 104 
1
29 
2
29 92 
4
29 57 89 92 
1
29 
1
29 
1
30 
7
30 60A 60B 84 85 105 BRT01 
1
30 
1
31 
1
31 
5
31 41 55A 55B 58 
4
31 55A 55B 58 
1
31 
2
31 58 
1
31 
1
31 
1
31 
1
31 
1
32 
2
32 40 
1
32 
1
32 
2
32 92 
4
33 85 103A 103B 
3
33 85 103B 
1
33 
1
33 
1
33 
1
33 
1
33 
1
34 
1
35A 
1
35B 
1
35B 
1
35B 
1
35B 
2
36 104 
1
37 
2
37 84 
3
37 39 62 
2
37 57 
4
37 57 72 102 
3
37 57 72 
1
37 
2
39 85 
1
39 
2
39 62 
2
39 62 
1
39 
1
40 
1
40 
6
40 47B 52A 52B 98 100 
1
40 
1
40 
1
40 
1
41 
1
41 
1
41 
1
41 
3
42 99 106 
2
42 98 
1
43 
4
43 59 61 65 
3
43 46 53A 
2
45 55A 
1
45 
1
46 
2
46 96 
2
46 65 
1
46 
1
47A 
1
47A 
1
47B 
7
47B 52A 52B 55B 98 100 106 
2
47B 98 
1
47B 
1
47B 
1
47B 
1
47B 
1
47B 
2
47B 52B 
1
48 
1
48 
2
48 106 
1
48 
1
49 
3
49 84 97 
1
49 
1
50 
1
50 
2
50 99 
2
50 88 
3
50 74 88 
1
50 
1
51 
3
51 84 105 
3
51 104 105 
1
51 
1
52A 
1
52A 
2
52A 52B 
1
52A 
1
52A 
1
52A 
1
52A 
1
52A 
1
52A 
1
52A 
1
52B 
1
53A 
2
53A 96 
1
53A 
1
53A 
2
53B 93 
1
53B 
1
53B 
1
53B 
1
54 
1
54 
1
54 
1
54 
1
54 
1
54 
1
54 
2
55A 55B 
1
55A 
2
55A 55B 
2
55A 55B 
1
55B 
1
56A 
2
56A 56B 
1
56A 
1
56A 
1
56A 
2
56A 56B 
1
56B 
1
56B 
2
56B 59 
1
56B 
1
56B 
1
56B 
1
56B 
1
56B 
1
56B 
1
56B 
1
56B 
1
57 
1
57 
1
57 
1
57 
1
57 
1
57 
1
57 
1
57 
2
57 89 
2
57 89 
1
57 
1
57 
2
57 72 
1
57 
2
58 64 
1
58 
1
58 
1
58 
1
58 
1
58 
1
58 
1
58 
1
58 
1
58 
2
58 112 
1
59 
1
59 
1
59 
1
59 
1
59 
1
59 
3
59 61 65 
1
59 
2
59 98 
2
59 98 
1
59 
1
59 
1
59 
1
60A 
1
60A 
3
60A 60B 105 
1
60A 
4
60B 63 64 112 
1
60B 
1
60B 
1
61 
1
61 
3
61 85 97 
1
61 
3
62 85 105 
1
62 
2
62 108 
1
63 
1
63 
1
63 
1
63 
1
63 
1
63 
1
63 
1
64 
1
64 
1
65 
1
65 
1
65 
1
65 
1
65 
1
65 
1
72 
1
72 
2
72 88 
1
74 
4
74 87 88 107 
1
74 
2
74 107 
1
74 
1
74 
1
74 
1
74 
1
84 
1
84 
1
84 
1
84 
1
84 
1
84 
1
84 
1
84 
1
85 
1
85 
1
85 
1
85 
1
85 
1
87 
1
87 
1
87 
1
87 
1
87 
1
88 
5
88 94 101A 102 103A 
1
88 
1
89 
1
89 
1
89 
1
89 
1
89 
1
89 
2
90 107 
1
90 
1
90 
1
90 
1
90 
1
91 
1
91 
1
91 
1
91 
1
92 
1
92 
1
92 
1
93 
1
93 
1
93 
1
94 
3
94 103A 103B 
1
94 
1
95 
1
95 
1
95 
1
95 
1
95 
1
96 
1
96 
1
96 
1
96 
1
96 
1
96 
1
96 
1
96 
1
96 
1
96 
1
96 
1
97 
1
97 
1
97 
1
97 
1
97 
1
97 
1
97 
1
97 
1
97 
1
97 
1
97 
1
97 
1
97 
1
98 
1
98 
1
99 
1
99 
1
99 
1
99 
1
99 
1
99 
1
99 
1
99 
1
99 
1
100 
1
100 
1
100 
1
100 
1
100 
1
100 
1
100 
1
100 
2
101A 101B 
3
101A 101B 108 
1
101A 
1
101A 
2
101A 102 
1
101B 
1
101B 
1
101B 
1
102 
1
102 
1
102 
1
102 
1
102 
2
102 103A 
1
102 
1
102 
2
103A 106 
1
103A 
1
103A 
1
103A 
1
103A 
1
103A 
2
103B 105 
1
103B 
1
103B 
1
103B 
1
104 
1
104 
1
104 
2
104 105 
1
104 
1
104 
1
104 
1
104 
1
104 
1
104 
2
104 106 
1
105 
1
105 
1
105 
1
105 
1
105 
1
105 
1
105 
1
106 
1
106 
1
106 
1
106 
1
106 
1
106 
1
106 
1
106 
1
106 
1
106 
1
106 
1
106 
1
106 
1
107 
1
107 
1
107 
1
107 
1
107 
1
108 
1
108 
2
110 111 
1
110 
1
110 
1
110 
1
111 
1
111 
1
111 
1
111 
1
111 
1
112 
1
112 
1
112 
1
113 
1
113 
1
113 
1
113 
1
113 
1
113 
